line	SAM_width	SAM_height	SAM_arc.length	SAM_midpoint.width	SAM_volume	SAM_height.width.ratio
B73	147	182	212	122	5012064.663	1.26
CML277	126	90	120	107	975666.1333	0.71
MO001	151	141	175	125	2735382.75	0.94
MO003	136	128	160	121	2878579.091	0.94
MO005	141	138	169	118	2517221.25	0.99
MO007	146	105	139	118	1528833.1	0.72
MO008	143	119	153	118	1872234.086	0.83
MO009	149	122	158	130	2790756.387	0.82
MO010	133	120	152	113	1848455.598	0.91
MO011	154	141	177	132	3600404.135	0.91
MO012	136	132	163	116	2158072.625	0.99
MO013	140	130	163	124	2843729.721	0.94
MO014	141	139	170	119	2497315.583	0.99
MO015	160	169	203	133	4347939.419	1.06
MO016	154	113	150	129	1818449.308	0.72
MO017	135	126	158	116	2021873.694	0.93
MO018	143	126	161	125	2776468.41	0.89
MO019	144	153	185	127	4137347.384	1.06
MO021	145	127	158	117	2212627.315	0.88
MO022	151	147	180	126	3027608.194	0.97
MO023	135	125	155	111	1939615.586	0.93
MO024	143	141	172	118	2585585.105	0.99
MO025	144	158	190	124	3430494.958	1.11
MO026	149	133	170	132	3060242.409	0.90
MO027	145	149	182	123	3104874.444	1.04
MO028	148	132	167	126	2319306.903	0.88
MO029	150	127	163	124	2216601	0.84
MO030	144	121	153	120	1876317	0.83
MO031	127	121	150	108	1674665.389	0.97
MO032	124	117	145	104	1496512.289	0.96
MO033	156	124	160	132	2183181.941	0.78
MO034	149	154	185	119	3280495.067	1.04
MO035	133	135	165	112	2231953.548	1.03
MO038	143	123	155	118	2710240.726	0.86
MO039	129	108	137	106	1338478.321	0.85
MO040	134	128	159	113	1992630.333	0.97
MO041	138	123	155	124	2596715.04	0.89
MO042	138	119	150	122	2483179.647	0.87
MO043	135	173	201	117	4022782.357	1.31
MO044	138	122	153	113	1876824.971	0.89
MO045	141	139	170	115	2508066.452	1.00
MO046	138	119	153	120	1817200.152	0.86
MO048	145	127	162	123	2131689.828	0.89
MO051	142	121	157	121	1907636.688	0.85
MO052	149	132	166	122	2335419.258	0.90
MO054	152	144	177	124	2909959.406	0.94
MO055	148	133	167	126	2288681.103	0.90
MO056	129	118	149	115	2461992.371	0.91
MO057	137	124	156	115	1899461.622	0.92
MO058	133	116	147	114	1584499.433	0.88
MO060	145	134	165	121	2378373.576	0.92
MO061	132	147	176	112	2716806.417	1.13
MO062	133	140	170	110	2489898.467	1.08
MO066	143	141	176	123	2716696.583	1.00
MO067	146	116	150	122	1828859.204	0.79
MO068	145	121	156	127	2739099.851	0.83
MO071	151	132	164	126	3333710.489	0.87
MO074	148	161	195	126	3657993.032	1.10
MO075	130	120	150	108	1736933.043	0.93
MO076	133	132	161	112	2283002.375	1.00
MO077	140	116	150	119	1726312.75	0.83
MO079	134	120	150	111	1729740.938	0.90
MO080	144	121	157	127	2652227.688	0.85
MO081	130	122	152	113	2554568.405	0.94
MO082	134	101	133	119	1941027.999	0.76
MO083	142	143	174	125	3677527.028	1.01
MO085	143	146	178	120	3810205.379	1.03
MO086	128	110	142	116	2299019.379	0.85
MO087	141	99	133	123	1983026.214	0.70
MO088	141	118	152	124	2477909.655	0.84
MO090	150	114	149	123	2442728.796	0.77
MO092	147	138	172	124	3459310.275	0.94
MO093	141	122	157	127	2612038.113	0.86
MO096	146	129	163	127	3013551.085	0.90
MO097	140	122	155	128	2616182.721	0.88
MO099	142	126	158	123	2803944.396	0.89
MO101	143	131	163	118	3109112.264	0.91
MO106	133	121	150	120	2537978.63	0.91
MO109	132	103	134	120	1972815.706	0.78
MO110	134	150	179	118	3572052.515	1.12
MO111	131	113	141	116	2285884.391	0.86
MO113	129	131	160	109	2856708.153	1.01
MO114	133	114	146	117	2276365.144	0.87
MO115	138	133	165	123	2988833.453	0.96
MO116	126	127	159	111	2558306.714	1.01
MO118	135	128	157	117	2731892.488	0.95
MO120	137	107	141	120	2191042.964	0.79
MO121	146	121	156	130	2648676.35	0.84
MO124	148	132	168	128	3030868.837	0.89
MO125	147	135	167	128	3331344.334	0.91
MO127	131	125	156	117	2682202.319	0.95
MO132	145	137	171	126	3321307.845	0.94
MO134	136	122	156	119	2561840.348	0.90
MO138	138	129	160	118	2791725.454	0.94
MO141	143	140	170	123	3288248.343	0.98
MO142	140	120	156	122	2664971.155	0.87
MO143	150	139	176	133	3489392.151	0.93
MO145	151	112	147	130	2415822.321	0.75
MO146	139	115	150	126	2505446.504	0.82
MO147	145	135	167	128	3393540.041	0.93
MO150	133	111	130	126	2194581.147	0.84
MO151	145	131	163	126	3049106.324	0.90
MO153	136	110	141	120	2167613.869	0.81
MO154	144	119	155	124	2559404.263	0.82
MO157	134	119	150	116	2431948.266	0.89
MO159	146	130	163	126	3334350.627	0.88
MO160	139	118	151	122	2703346.692	0.85
MO161	150	140	174	127	3613989.47	0.92
MO165	145	151	184	126	4088619.839	1.04
MO167	132	105	138	115	2088315.468	0.80
MO169	147	127	159	129	2857224.377	0.86
Mo17	148	107	144	125	1682984.829	0.72
MO171	154	149	181	129	4360814.737	0.95
MO172	139	124	157	121	2642791.432	0.90
MO174	140	144	176	122	3740955.455	1.01
MO176	127	103	135	114	1907629.167	0.81
MO177	137	140	171	120	3427281.582	1.02
MO178	136	133	163	115	2983937.137	0.98
MO181	144	128	162	124	2887494.12	0.89
MO182	125	112	142	113	2172158.223	0.90
MO183	129	113	146	115	2203769.675	0.88
MO187	132	130	162	121	2902606.357	0.99
MO188	144	137	171	123	3428349.611	0.94
MO189	143	121	156	127	2700016.705	0.85
MO190	131	105	137	117	2345599.079	0.79
MO194	139	131	163	121	3018080.688	0.94
MO195	153	143	178	131	3742310.789	0.94
MO196	149	149	184	133	3760297.504	1.00
MO197	153	127	163	133	3181215.256	0.82
MO198	146	134	166	127	3046113.632	0.92
MO199	140	119	153	124	2524561.063	0.86
MO200	134	126	160	120	2764157.14	0.94
MO202	165	146	184	140	3953856.1	0.89
MO205	133	109	139	113	2233743.116	0.81
MO206	133	116	147	117	2366925.973	0.87
MO209	138	125	158	126	2824375.301	0.91
MO210	134	108	141	119	2137396.66	0.80
MO213	139	117	153	122	2504130.465	0.84
MO218	151	126	163	132	2863089.595	0.84
MO219	141	146	178	124	3630658.065	1.03
MO220	147	106	142	121	2275702.018	0.72
MO222	130	120	150	113	2464587.815	0.92
MO223	136	104	139	121	2024422.651	0.77
MO224	150	147	186	133	4131747.521	0.97
MO228	153	141	174	132	3537929.35	0.93
MO229	149	153	187	128	4242128.425	1.03
MO230	142	122	155	123	2653185.009	0.86
MO232	140	118	152	123	2502308.919	0.84
MO236	136	116	148	121	2368160.277	0.85
MO237	151	136	169	130	3268537.327	0.91
MO238	145	155	185	123	4017603.412	1.06
MO240	158	125	162	135	3011164.785	0.79
MO241	134	131	159	113	2835711.03	0.97
MO248	147	134	167	127	3387916.726	0.91
MO250	144	127	163	132	2898869.774	0.88
MO255	139	117	149	123	2408911.892	0.84
MO256	138	126	159	123	2953168.318	0.91
MO258	149	122	161	129	2899794.902	0.82
MO262	142	159	190	121	3561889.571	1.13
MO263	139	122	155	119	2810646.029	0.88
MO264	143	124	159	124	2038711.321	0.87
MO265	146	129	162	122	2228724.324	0.89
MO266	157	129	166	131	2380177.472	0.82
MO267	142	156	187	118	3310525.432	1.11
MO268	149	135	168	129	3141335.683	0.91
MO269	131	140	169	109	2446699.871	1.10
MO270	142	125	158	130	2850906.29	0.88
MO271	144	110	146	127	2377748.606	0.75
MO272	159	135	174	136	2695653.722	0.85
MO274	147	132	165	125	3089443.03	0.91
MO275	153	134	171	127	2561524.579	0.87
MO276	152	133	168	126	2554772.254	0.88
MO277	137	123	155	125	2772617.344	0.89
MO278	134	125	157	123	2750490.111	0.93
MO279	147	110	148	130	2298717.787	0.76
MO280	147	117	153	127	2680308.747	0.79
MO281	135	139	169	114	2449574.094	1.06
MO282	135	117	149	123	2447135.399	0.87
MO283	144	129	163	123	2951101.544	0.89
MO284	158	135	172	132	2593788.571	0.86
MO286	147	127	163	130	2837897.883	0.86
MO287	134	137	167	111	2428744.767	1.03
MO288	151	132	165	125	2384905.88	0.87
MO289	153	149	185	132	4093976.545	0.98
MO292	146	132	168	130	3183069.429	0.91
MO295	140	154	188	125	4015842.376	1.11
MO296	138	140	169	112	2487984.933	1.02
MO297	140	133	165	114	2214485.889	0.96
MO298	148	147	179	120	2943928.259	1.00
MO300	146	141	175	128	3606985.164	0.96
MO301	141	138	166	118	3138279.309	0.99
MO302	151	137	170	133	3449494.377	0.91
MO303	141	128	159	124	2820052.866	0.91
MO304	151	144	177	131	3652892.328	0.95
MO305	152	151	184	130	3877851.515	1.00
MO307	139	133	164	123	3204103.702	0.94
MO308	130	137	167	115	3025492.012	1.06
MO309	141	127	158	116	2071025.885	0.90
MO310	163	112	152	134	1926809.484	0.68
MO311	141	139	169	114	2592447.813	1.00
MO313	145	133	167	125	3070668.339	0.91
MO315	132	158	187	112	3201210.786	1.22
MO317	133	134	165	114	2184782.219	1.02
MO318	143	127	159	127	2794098.751	0.89
MO321	134	124	157	115	1934479.176	0.94
MO322	165	138	177	136	2914862.05	0.83
MO323	133	133	162	111	2185057.452	1.02
MO325	155	109	146	129	1758836.317	0.69
MO326	153	153	185	127	3321405.091	1.00
MO327	150	142	175	130	3441364.422	0.95
MO328	142	125	158	121	2084459.724	0.88
MO329	133	131	162	119	2791861.972	0.99
MO331	146	137	170	124	3481187.758	0.94
MO332	133	111	143	121	2188186.048	0.84
MO334	132	169	199	120	4838246.77	1.27
MO335	143	143	177	122	3396262.85	1.00
MO336	150	142	174	129	3632598.94	0.94
MO337	145	131	163	118	2280706.152	0.90
MO338	152	160	194	132	4510922.342	1.05
MO340	155	123	161	137	2905351.04	0.79
MO341	140	123	155	119	1944495.296	0.87
MO342	145	156	188	131	4367360.783	1.06
MO344	132	128	159	111	2015127.1	0.99
MO345	131	126	152	106	1908129.261	0.96
MO346	137	151	181	114	2995373.406	1.12
MO347	144	137	170	126	3312296.298	0.95
MO349	137	132	161	122	2928785.215	0.96
MO351	141	123	157	123	2726983.197	0.87
MO352	134	134	164	111	2224191.027	1.01
MO353	145	135	170	131	3088623.992	0.93
MO354	128	126	158	110	1880354.735	1.01
MO355	151	131	166	124	2338058.923	0.87
MO356	139	128	162	123	2848680.539	0.92
MO357	140	177	205	114	4408615.588	1.29
MO358	142	121	155	125	2682805.34	0.85
MO360	146	130	164	122	2277567.414	0.89
MO362	147	123	158	123	2710912.229	0.84
MO364	153	133	168	130	2432666.688	0.86
MO365	142	135	168	119	2390595.577	0.97
MO367	144	153	182	125	4127985.762	1.06
MO368	146	118	154	123	1843674	0.81
MO369	153	153	186	126	3352034.92	1.00
MO372	148	129	163	127	2994267.318	0.88
MO373	150	107	146	136	2251722.742	0.72
MO378	135	127	157	110	2009523.559	0.94
MO379	157	144	178	132	2992694.321	0.91
MO380	141	108	144	124	2193729.078	0.76
MO381	142	121	155	127	2692486.536	0.85
MO382	150	132	166	123	2376999.265	0.87
MO383	134	116	147	114	1797571.647	0.87
MO384	141	151	183	118	3091091.258	1.08
P39	165	173	211	145	4676010.857	1.04
Z24-E1	130	93	122	105	1122600.667	0.71
Z24-E10	169	188	224	140	5752436	1.11
Z24-E100	141	149	185	125	2964540.75	1.06
Z24-E101	159	170	206	134	4533828.8	1.06
Z24-E102	163	188	223	136	5496394.4	1.16
Z24-E103	157	180	214	137	5035911.75	1.14
Z24-E107	148	175	207	122	4655824.333	1.17
Z24-E108	189	175	218	156	5401549	0.92
Z24-E11	146	147	183	128	2899020.6	1.00
Z24-E110	149	128	160	123	2201147	0.86
Z24-E111	157	198	235	136	6189065.2	1.26
Z24-E112	150	180	218	134	4746566.5	1.20
Z24-E113	155	152	184	126	3295734.5	0.99
Z24-E115	165	135	170	130	2947148.667	0.82
Z24-E116	173	184	223	147	5713429	1.07
Z24-E117	152	172	205	127	4421484.6	1.13
Z24-E118	178	185	223	139	5619270	1.04
Z24-E119	173	200	233	142	6579382	1.16
Z24-E120	152	168	202	132	4112902	1.10
Z24-E121	153	148	185	130	3221220	0.97
Z24-E122	161	200	237	140	6346118.2	1.24
Z24-E123	165	225	262	146	8649481.8	1.36
Z24-E124	169	171	206	141	4758931.4	1.01
Z24-E126	126	136	165	109	2232185.75	1.07
Z24-E127	151	164	198	131	4061676.8	1.07
Z24-E128	151	142	178	125	2903233.5	0.94
Z24-E129	146	134	165	122	2479357	0.91
Z24-E13	152	159	192	123	3756996.75	1.04
Z24-E130	151	164	201	127	4038515.333	1.08
Z24-E131	158	203	241	139	6396412.25	1.29
Z24-E132	160	151	188	131	3386817	0.94
Z24-E133	165	172	211	144	4631679.667	1.05
Z24-E135	184	187	231	168	6006479	1.02
Z24-E136	153	162	200	138	3782157.25	1.07
Z24-E137	148	119	151	120	1984949	0.80
Z24-E14	149	161	192	117	3607643	1.08
Z24-E141	158	165	202	138	4032252.333	1.05
Z24-E142	139	213	242	118	6819718.8	1.53
Z24-E144	165	168	206	141	4309703.4	1.02
Z24-E145	174	162	202	145	4141740	0.93
Z24-E147	146	154	185	117	3265595.4	1.05
Z24-E15	144	123	153	115	2071378	0.86
Z24-E152	169	140	183	143	3002086.75	0.83
Z24-E157	155	147	182	132	3258800.4	0.95
Z24-E159	182	182	224	157	5581854.4	1.00
Z24-E16	144	188	220	126	5178149.25	1.31
Z24-E160	147	125	160	124	2093702.5	0.85
Z24-E163	161	213	248	133	7386267.667	1.32
Z24-E164	132	146	176	111	3046135	1.08
Z24-E165	174	156	197	143	4044697.6	0.90
Z24-E166	151	168	199	128	4310541	1.11
Z24-E167	159	182	217	133	5228169.4	1.14
Z24-E168	163	166	202	134	4114281	1.02
Z24-E170	154	116	154	128	1936761.4	0.75
Z24-E172	161	131	170	134	2507310.5	0.82
Z24-E180	150	145	179	124	2893976.75	0.96
Z24-E182	142	154	186	116	3167414	1.09
Z24-E183	151	222	255	129	8049447	1.47
Z24-E186	165	171	209	134	4902025.25	1.03
Z24-E188	141	135	168	119	2438234.5	0.95
Z24-E189	144	98	134	116	1464650.667	0.67
Z24-E19	160	213	254	150	7376130	1.33
Z24-E191	170	186	224	143	5759001.2	1.09
Z24-E192	144	204	239	116	6096663	1.41
Z24-E193	160	161	199	137	3890716.75	1.01
Z24-E195	149	145	182	129	3002225	0.98
Z24-E196	154	141	176	128	2894160.6	0.91
Z24-E199	154	165	200	131	4017246.4	1.07
Z24-E2	144	129	161	120	2318647.6	0.89
Z24-E20	151	161	192	129	3707021.6	1.06
Z24-E21	125	152	176	103	2960744	1.21
Z24-E22	158	132	169	131	2727183.4	0.84
Z24-E23	154	171	203	129	4355237.4	1.10
Z24-E24	142	130	164	123	2227906.8	0.92
Z24-E25	176	222	265	158	8501981.6	1.26
Z24-E27	149	139	171	125	2774685.667	0.93
Z24-E28	154	117	150	129	1987060.5	0.76
Z24-E29	145	170	200	121	3980808.8	1.17
Z24-E30	163	145	183	145	3158117.5	0.89
Z24-E31	167	184	223	145	5714205.6	1.09
Z24-E33	165	184	221	145	5315199.75	1.12
Z24-E34	153	166	200	128	3951645.25	1.09
Z24-E35	155	178	211	133	4751087.667	1.15
Z24-E36	142	182	211	114	4862346.667	1.27
Z24-E37	166	163	205	142	4143287.8	0.98
Z24-E38	142	124	157	118	2020932	0.87
Z24-E40	132	140	172	116	2483375	1.05
Z24-E41	157	208	252	148	6920187	1.32
Z24-E42	146	199	230	130	6004186.75	1.36
Z24-E43	151	143	177	127	2925969	0.94
Z24-E44	177	184	222	143	5758568.25	1.04
Z24-E45	174	204	243	149	6880941	1.17
Z24-E46	164	217	253	139	7808544.25	1.32
Z24-E47	150	169	201	124	4277336.5	1.14
Z24-E48	169	210	245	145	7350475.75	1.24
Z24-E49	171	198	238	151	6511890.4	1.16
Z24-E5	166	187	225	138	5491111.667	1.12
Z24-E50	158	148	187	129	3153006	0.94
Z24-E51	151	177	209	129	4589081.8	1.17
Z24-E53	179	154	193	146	3961733.333	0.86
Z24-E56	133	167	197	114	3683168.8	1.26
Z24-E57	173	141	188	148	3106676	0.81
Z24-E58	171	165	204	150	4363420.667	0.97
Z24-E59	162	173	213	143	4475563.5	1.07
Z24-E60	133	107	138	115	1389971.5	0.81
Z24-E61	169	168	204	142	4418758.75	0.99
Z24-E62	142	144	177	121	2819166	1.01
Z24-E63	156	133	168	122	2642043	0.85
Z24-E68	149	171	208	132	4112869.5	1.15
Z24-E69	149	169	199	119	4026347	1.14
Z24-E71	151	160	194	128	3609232.25	1.06
Z24-E72	146	191	221	121	5382320.8	1.31
Z24-E73	134	133	160	107	2246476.5	0.99
Z24-E74	138	180	211	118	4437350.6	1.31
Z24-E75	162	139	177	131	2913744.4	0.86
Z24-E76	176	192	229	146	6291846	1.09
Z24-E77	175	175	218	154	5061805.6	1.00
Z24-E78	158	188	222	139	5322166	1.19
Z24-E79	171	197	233	147	6390370.5	1.16
Z24-E8	144	166	200	131	3866951.5	1.15
Z24-E80	192	172	216	169	5152401	0.89
Z24-E81	153	190	225	137	5483306.25	1.24
Z24-E82	157	143	180	136	3019408.6	0.91
Z24-E84	160	158	191	125	3668251	0.99
Z24-E85	152	149	185	130	3258321.8	0.99
Z24-E86	177	175	216	157	5004917.8	0.98
Z24-E88	168	188	227	147	6047120.6	1.11
Z24-E89	157	151	185	130	3429532	0.96
Z24-E9	144	120	153	116	1933114	0.84
Z24-E90	156	133	166	121	2684334.8	0.85
Z24-E91	145	147	181	122	2990059.667	1.01
Z24-E92	141	198	233	129	5735445.75	1.41
Z24-E93	158	149	182	128	3188277.4	0.94
Z24-E94	168	197	232	140	6243847.4	1.18
Z24-E95	136	154	183	113	3047158	1.13
Z24-E96	154	137	173	128	2690495.75	0.89
Z24-E97	161	150	186	137	3351598.667	0.93
Z24-E98	153	176	207	125	4829117.25	1.15
Z24-E99	167	191	226	134	5746824.6	1.15
Z5-E1	141	111	140	110	1582693	0.79
Z5-E10	146	135	168	121	2454353.8	0.93
Z5-E100	146	126	156	117	2197493.5	0.86
Z5-E102	130	94	127	111	1104876.25	0.72
Z5-E104	144	132	163	118	2323730	0.92
Z5-E105	142	101	137	122	1428485.5	0.70
Z5-E106	118	120	146	103	1785497.5	1.01
Z5-E107	145	132	165	122	2294116	0.91
Z5-E108	123	116	146	107	1661333.6	0.94
Z5-E109	137	132	164	115	2200168.25	0.97
Z5-E110	128	108	136	102	1447734	0.84
Z5-E111	158	132	168	125	2524539.25	0.83
Z5-E112	112	85	111	94	759474.25	0.76
Z5-E113	135	118	149	114	1744315.25	0.88
Z5-E114	140	108	141	117	1701928.2	0.76
Z5-E115	133	111	142	110	1548228.75	0.83
Z5-E116	124	104	132	100	1311579	0.83
Z5-E117	140	108	142	117	1506870.667	0.77
Z5-E118	142	107	141	118	1564604	0.75
Z5-E119	156	115	153	125	1888093	0.74
Z5-E12	150	125	161	126	2280733	0.83
Z5-E121	135	115	146	115	1628963	0.86
Z5-E122	122	93	119	98	973824	0.76
Z5-E123	134	124	155	112	1904682.25	0.93
Z5-E124	123	107	139	108	1290027.25	0.87
Z5-E126	127	130	160	110	1993540.75	1.02
Z5-E127	132	118	150	109	1789667.6	0.89
Z5-E128	121	104	133	104	1210212.667	0.86
Z5-E129	136	125	158	117	2002296.75	0.92
Z5-E13	147	127	161	118	2212885.667	0.86
Z5-E130	136	111	145	118	1550862	0.81
Z5-E131	133	99	131	113	1201001.75	0.74
Z5-E133	155	170	206	137	4272636.8	1.10
Z5-E134	128	118	146	106	1706246.333	0.92
Z5-E135	115	97	128	97	1083812.6	0.84
Z5-E136	127	97	130	108	1198809.5	0.76
Z5-E137	121	135	161	104	2091338	1.11
Z5-E138	131	122	154	116	1770693.75	0.93
Z5-E139	116	66	97	93	497071	0.58
Z5-E140	149	150	180	118	3208390.25	1.00
Z5-E141	132	97	130	114	1153456.667	0.74
Z5-E142	116	100	127	100	1130071	0.85
Z5-E144	147	133	165	123	2517660.333	0.90
Z5-E145	123	106	134	104	1263074.25	0.86
Z5-E146	151	89	129	131	1167917.667	0.59
Z5-E147	145	101	138	123	1379621.667	0.70
Z5-E148	138	113	145	117	1629269.8	0.82
Z5-E149	114	108	135	96	1229232.25	0.95
Z5-E15	135	112	145	113	1596489	0.83
Z5-E150	127	111	142	110	1526290.75	0.88
Z5-E151	135	103	137	114	1337954	0.76
Z5-E154	132	88	120	108	997451.6667	0.66
Z5-E155	132	95	129	115	1109178.667	0.73
Z5-E156	152	116	155	130	1906599.2	0.76
Z5-E158	138	113	145	116	1643280.75	0.83
Z5-E159	147	107	143	124	1534106.5	0.73
Z5-E16	140	117	151	120	1796391.4	0.83
Z5-E160	135	113	143	111	1570710.25	0.84
Z5-E162	165	158	197	141	3902659.667	0.97
Z5-E163	141	98	135	118	1276133.333	0.70
Z5-E164	117	80	109	101	686952	0.68
Z5-E166	136	98	132	113	1209713.25	0.73
Z5-E168	127	106	137	112	1318368	0.83
Z5-E169	118	72	102	94	648033.25	0.61
Z5-E170	137	149	181	120	3025504.4	1.08
Z5-E171	135	129	160	115	2107206.2	0.96
Z5-E172	123	99	128	107	1107717.25	0.80
Z5-E173	131	106	138	112	1433072.2	0.80
Z5-E174	143	105	138	119	1475538	0.74
Z5-E175	138	102	135	116	1366121	0.73
Z5-E176	126	98	128	105	1183798.75	0.77
Z5-E179	125	77	109	101	782282.75	0.61
Z5-E181	141	128	161	119	2268662.25	0.91
Z5-E183	130	97	127	108	1139505	0.75
Z5-E184	141	138	171	124	2586000.5	0.98
Z5-E185	148	112	148	123	1738831.333	0.76
Z5-E186	144	113	150	123	1740380.75	0.79
Z5-E19	121	127	155	108	1853787.25	1.06
Z5-E190	138	162	189	114	3516486.25	1.17
Z5-E192	119	93	118	96	970805	0.78
Z5-E193	132	102	134	110	1246163.5	0.78
Z5-E195	129	115	144	114	1610504.667	0.89
Z5-E196	137	83	117	114	967305.5	0.60
Z5-E197	135	159	187	114	3434836.75	1.17
Z5-E198	141	90	128	120	1103422.6	0.64
Z5-E199	139	113	147	119	1618952.25	0.82
Z5-E20	136	75	113	111	770233.5	0.55
Z5-E21	129	126	157	111	1912184.5	0.98
Z5-E210	143	125	154	115	2032856.75	0.88
Z5-E211	146	127	165	131	2222676	0.86
Z5-E212	114	84	115	101	739034	0.74
Z5-E215	135	102	137	118	1316584.333	0.77
Z5-E22	125	119	148	108	1662859.4	0.95
Z5-E233	134	138	169	118	2375028.5	1.03
Z5-E25	126	109	139	105	1402356.25	0.86
Z5-E27	150	110	146	123	1740868.2	0.73
Z5-E28	136	111	142	116	1568468.25	0.82
Z5-E29	135	126	158	115	1979710	0.94
Z5-E32	136	124	156	118	2036412.667	0.91
Z5-E33	135	125	157	114	1947991.4	0.93
Z5-E35	126	89	122	107	941295.8	0.71
Z5-E37	127	110	140	107	1477868.25	0.86
Z5-E39	144	153	182	124	3204900.2	1.06
Z5-E42	116	89	116	100	852877	0.76
Z5-E43	124	84	116	107	830970	0.69
Z5-E44	125	145	173	112	2615617	1.17
Z5-E45	143	104	138	122	1432624.667	0.73
Z5-E46	130	111	140	104	1498114.667	0.85
Z5-E47	169	145	188	150	3298307.25	0.86
Z5-E48	156	121	159	132	2099858.75	0.78
Z5-E49	129	96	125	106	1190921.5	0.74
Z5-E5	139	126	158	119	2067880	0.90
Z5-E51	136	114	147	113	1676591.6	0.84
Z5-E55	143	92	128	119	1166202.5	0.65
Z5-E56	113	118	144	101	1529645.4	1.04
Z5-E57	144	149	180	119	2991563	1.04
Z5-E58	119	115	145	105	1455139	0.97
Z5-E60	125	107	138	108	1411647.2	0.86
Z5-E61	134	124	156	116	1888765.4	0.92
Z5-E62	133	125	155	116	1907767.5	0.95
Z5-E63	127	114	143	109	1518212.2	0.90
Z5-E66	118	83	111	97	753226	0.70
Z5-E68	130	125	157	113	1851684.5	0.97
Z5-E69	125	95	127	110	1089756.2	0.76
Z5-E7	136	102	134	114	1421443.25	0.74
Z5-E74	103	79	104	90	587280	0.77
Z5-E75	135	96	128	108	1218407	0.71
Z5-E79	143	120	154	117	1919917.8	0.84
Z5-E8	117	92	122	98	971962.6667	0.78
Z5-E80	135	123	153	110	1925998.667	0.91
Z5-E81	129	133	165	114	2130157.5	1.04
Z5-E82	138	104	138	121	1367028.333	0.76
Z5-E83	136	136	167	116	2463033.5	1.00
Z5-E84	122	102	129	96	1221668.333	0.84
Z5-E85	143	107	141	119	1545611	0.75
Z5-E87	142	132	165	121	2398362.5	0.93
Z5-E88	134	91	124	110	1043979	0.68
Z5-E90	137	135	167	115	2314752.25	0.99
Z5-E91	148	132	166	121	2398719.667	0.89
Z5-E92	114	116	141	97	1483855.2	1.02
Z5-E93	142	106	143	121	1496915.4	0.75
Z5-E94	153	102	141	131	1494956.5	0.67
Z5-E95	123	98	126	101	1120847.333	0.80
Z5-E96	135	134	166	112	2545675.6	0.99
Z5-E97	144	81	121	115	937845	0.56
Z5-E99	139	116	150	125	1754903.25	0.84
